ModelWeb Browser Results

nrlmsise model listing
Required input parameters
Year= 2016, Month= 12, Day=  1, Hour= 1.50,
Time_type = Universal
Coordinate_type = Geographic
Latitude=   41.88, Longitude=   87.63, Height=     0.00
Prof. parameters: Start=     0.00 Stop=   200.00 Step=     1.00

Optional input parameters:

Sunspot number(Rz12) =not specified
Ionospheric index(IG12) =not specified
Upper limit for Electron content = not specified
F peak model =  
Ne Topside =  
foF2 Storm model =  
Bottomside Thickness =  
F1 occurrence probability =  
D-Region Ne =  
Topside Te =  
Ion Composition =  

Selected output parameters:
1  Height, km
2  O, cm-3 
3  N2, cm-3
4  O2, cm-3
5  He, cm-3 
6  Ar, cm-3
7  H, cm-3
8  N, cm-3
9  Anomalous_Oxygen, cm-3
10  F10_7_daily

1         2         3         4         5         6         7         8         9         10         
    0.0  0.000E+00  2.053E+19  5.508E+18  1.378E+14  2.456E+17  0.000E+00  0.000E+00  0.000E+00   81.3 
    1.0  0.000E+00  1.839E+19  4.932E+18  1.234E+14  2.199E+17  0.000E+00  0.000E+00  0.000E+00   81.3 
    2.0  0.000E+00  1.655E+19  4.440E+18  1.111E+14  1.980E+17  0.000E+00  0.000E+00  0.000E+00   81.3 
    3.0  0.000E+00  1.494E+19  4.008E+18  1.003E+14  1.787E+17  0.000E+00  0.000E+00  0.000E+00   81.3 
    4.0  0.000E+00  1.349E+19  3.619E+18  9.053E+13  1.614E+17  0.000E+00  0.000E+00  0.000E+00   81.3 
    5.0  0.000E+00  1.216E+19  3.262E+18  8.160E+13  1.454E+17  0.000E+00  0.000E+00  0.000E+00   81.3 
    6.0  0.000E+00  1.092E+19  2.930E+18  7.329E+13  1.306E+17  0.000E+00  0.000E+00  0.000E+00   81.3 
    7.0  0.000E+00  9.762E+18  2.619E+18  6.551E+13  1.168E+17  0.000E+00  0.000E+00  0.000E+00   81.3 
    8.0  0.000E+00  8.674E+18  2.327E+18  5.821E+13  1.038E+17  0.000E+00  0.000E+00  0.000E+00   81.3 
    9.0  0.000E+00  7.656E+18  2.054E+18  5.138E+13  9.158E+16  0.000E+00  0.000E+00  0.000E+00   81.3 
   10.0  0.000E+00  6.709E+18  1.800E+18  4.502E+13  8.024E+16  0.000E+00  0.000E+00  0.000E+00   81.3 
   11.0  0.000E+00  5.836E+18  1.566E+18  3.917E+13  6.981E+16  0.000E+00  0.000E+00  0.000E+00   81.3 
   12.0  0.000E+00  5.047E+18  1.354E+18  3.387E+13  6.037E+16  0.000E+00  0.000E+00  0.000E+00   81.3 
   13.0  0.000E+00  4.345E+18  1.166E+18  2.916E+13  5.197E+16  0.000E+00  0.000E+00  0.000E+00   81.3 
   14.0  0.000E+00  3.727E+18  9.999E+17  2.501E+13  4.458E+16  0.000E+00  0.000E+00  0.000E+00   81.3 
   15.0  0.000E+00  3.190E+18  8.558E+17  2.141E+13  3.816E+16  0.000E+00  0.000E+00  0.000E+00   81.3 
   16.0  0.000E+00  2.726E+18  7.313E+17  1.829E+13  3.261E+16  0.000E+00  0.000E+00  0.000E+00   81.3 
   17.0  0.000E+00  2.327E+18  6.242E+17  1.561E+13  2.783E+16  0.000E+00  0.000E+00  0.000E+00   81.3 
   18.0  0.000E+00  1.984E+18  5.322E+17  1.331E+13  2.373E+16  0.000E+00  0.000E+00  0.000E+00   81.3 
   19.0  0.000E+00  1.690E+18  4.534E+17  1.134E+13  2.022E+16  0.000E+00  0.000E+00  0.000E+00   81.3 
   20.0  0.000E+00  1.439E+18  3.860E+17  9.656E+12  1.721E+16  0.000E+00  0.000E+00  0.000E+00   81.3 
   21.0  0.000E+00  1.225E+18  3.285E+17  8.218E+12  1.465E+16  0.000E+00  0.000E+00  0.000E+00   81.3 
   22.0  0.000E+00  1.042E+18  2.795E+17  6.992E+12  1.246E+16  0.000E+00  0.000E+00  0.000E+00   81.3 
   23.0  0.000E+00  8.863E+17  2.378E+17  5.948E+12  1.060E+16  0.000E+00  0.000E+00  0.000E+00   81.3 
   24.0  0.000E+00  7.541E+17  2.023E+17  5.061E+12  9.020E+15  0.000E+00  0.000E+00  0.000E+00   81.3 
   25.0  0.000E+00  6.417E+17  1.722E+17  4.307E+12  7.676E+15  0.000E+00  0.000E+00  0.000E+00   81.3 
   26.0  0.000E+00  5.463E+17  1.466E+17  3.666E+12  6.535E+15  0.000E+00  0.000E+00  0.000E+00   81.3 
   27.0  0.000E+00  4.654E+17  1.248E+17  3.123E+12  5.567E+15  0.000E+00  0.000E+00  0.000E+00   81.3 
   28.0  0.000E+00  3.967E+17  1.064E+17  2.662E+12  4.745E+15  0.000E+00  0.000E+00  0.000E+00   81.3 
   29.0  0.000E+00  3.384E+17  9.077E+16  2.271E+12  4.047E+15  0.000E+00  0.000E+00  0.000E+00   81.3 
   30.0  0.000E+00  2.889E+17  7.750E+16  1.939E+12  3.455E+15  0.000E+00  0.000E+00  0.000E+00   81.3 
   31.0  0.000E+00  2.469E+17  6.623E+16  1.657E+12  2.953E+15  0.000E+00  0.000E+00  0.000E+00   81.3 
   32.0  0.000E+00  2.112E+17  5.666E+16  1.417E+12  2.526E+15  0.000E+00  0.000E+00  0.000E+00   81.3 
   33.0  0.000E+00  1.809E+17  4.852E+16  1.214E+12  2.163E+15  0.000E+00  0.000E+00  0.000E+00   81.3 
   34.0  0.000E+00  1.549E+17  4.156E+16  1.040E+12  1.853E+15  0.000E+00  0.000E+00  0.000E+00   81.3 
   35.0  0.000E+00  1.328E+17  3.562E+16  8.911E+11  1.588E+15  0.000E+00  0.000E+00  0.000E+00   81.3 
   36.0  0.000E+00  1.139E+17  3.056E+16  7.644E+11  1.363E+15  0.000E+00  0.000E+00  0.000E+00   81.3 
   37.0  0.000E+00  9.784E+16  2.625E+16  6.566E+11  1.170E+15  0.000E+00  0.000E+00  0.000E+00   81.3 
   38.0  0.000E+00  8.417E+16  2.258E+16  5.649E+11  1.007E+15  0.000E+00  0.000E+00  0.000E+00   81.3 
   39.0  0.000E+00  7.255E+16  1.946E+16  4.869E+11  8.678E+14  0.000E+00  0.000E+00  0.000E+00   81.3 
   40.0  0.000E+00  6.266E+16  1.681E+16  4.205E+11  7.495E+14  0.000E+00  0.000E+00  0.000E+00   81.3 
   41.0  0.000E+00  5.425E+16  1.455E+16  3.640E+11  6.489E+14  0.000E+00  0.000E+00  0.000E+00   81.3 
   42.0  0.000E+00  4.708E+16  1.263E+16  3.160E+11  5.632E+14  0.000E+00  0.000E+00  0.000E+00   81.3 
   43.0  0.000E+00  4.098E+16  1.099E+16  2.750E+11  4.901E+14  0.000E+00  0.000E+00  0.000E+00   81.3 
   44.0  0.000E+00  3.576E+16  9.594E+15  2.400E+11  4.278E+14  0.000E+00  0.000E+00  0.000E+00   81.3 
   45.0  0.000E+00  3.130E+16  8.397E+15  2.101E+11  3.744E+14  0.000E+00  0.000E+00  0.000E+00   81.3 
   46.0  0.000E+00  2.748E+16  7.371E+15  1.844E+11  3.287E+14  0.000E+00  0.000E+00  0.000E+00   81.3 
   47.0  0.000E+00  2.417E+16  6.485E+15  1.622E+11  2.892E+14  0.000E+00  0.000E+00  0.000E+00   81.3 
   48.0  0.000E+00  2.131E+16  5.716E+15  1.430E+11  2.549E+14  0.000E+00  0.000E+00  0.000E+00   81.3 
   49.0  0.000E+00  1.880E+16  5.044E+15  1.262E+11  2.249E+14  0.000E+00  0.000E+00  0.000E+00   81.3 
   50.0  0.000E+00  1.660E+16  4.454E+15  1.114E+11  1.986E+14  0.000E+00  0.000E+00  0.000E+00   81.3 
   51.0  0.000E+00  1.467E+16  3.934E+15  9.842E+10  1.754E+14  0.000E+00  0.000E+00  0.000E+00   81.3 
   52.0  0.000E+00  1.295E+16  3.474E+15  8.691E+10  1.549E+14  0.000E+00  0.000E+00  0.000E+00   81.3 
   53.0  0.000E+00  1.143E+16  3.066E+15  7.671E+10  1.367E+14  0.000E+00  0.000E+00  0.000E+00   81.3 
   54.0  0.000E+00  1.008E+16  2.704E+15  6.764E+10  1.206E+14  0.000E+00  0.000E+00  0.000E+00   81.3 
   55.0  0.000E+00  8.876E+15  2.381E+15  5.956E+10  1.062E+14  0.000E+00  0.000E+00  0.000E+00   81.3 
   56.0  0.000E+00  7.806E+15  2.094E+15  5.238E+10  9.337E+13  0.000E+00  0.000E+00  0.000E+00   81.3 
   57.0  0.000E+00  6.854E+15  1.839E+15  4.600E+10  8.199E+13  0.000E+00  0.000E+00  0.000E+00   81.3 
   58.0  0.000E+00  6.010E+15  1.612E+15  4.033E+10  7.189E+13  0.000E+00  0.000E+00  0.000E+00   81.3 
   59.0  0.000E+00  5.263E+15  1.412E+15  3.532E+10  6.295E+13  0.000E+00  0.000E+00  0.000E+00   81.3 
   60.0  0.000E+00  4.603E+15  1.235E+15  3.089E+10  5.505E+13  0.000E+00  0.000E+00  0.000E+00   81.3 
   61.0  0.000E+00  4.020E+15  1.078E+15  2.698E+10  4.808E+13  0.000E+00  0.000E+00  0.000E+00   81.3 
   62.0  0.000E+00  3.506E+15  9.406E+14  2.353E+10  4.194E+13  0.000E+00  0.000E+00  0.000E+00   81.3 
   63.0  0.000E+00  3.055E+15  8.193E+14  2.052E+10  3.653E+13  0.000E+00  0.000E+00  0.000E+00   81.3 
   64.0  0.000E+00  2.658E+15  7.127E+14  1.788E+10  3.178E+13  0.000E+00  0.000E+00  0.000E+00   81.3 
   65.0  0.000E+00  2.310E+15  6.192E+14  1.557E+10  2.762E+13  0.000E+00  0.000E+00  0.000E+00   81.3 
   66.0  0.000E+00  2.006E+15  5.374E+14  1.354E+10  2.397E+13  0.000E+00  0.000E+00  0.000E+00   81.3 
   67.0  0.000E+00  1.740E+15  4.659E+14  1.176E+10  2.079E+13  0.000E+00  0.000E+00  0.000E+00   81.3 
   68.0  0.000E+00  1.507E+15  4.035E+14  1.021E+10  1.801E+13  0.000E+00  0.000E+00  0.000E+00   81.3 
   69.0  0.000E+00  1.305E+15  3.491E+14  8.852E+09  1.558E+13  0.000E+00  0.000E+00  0.000E+00   81.3 
   70.0  0.000E+00  1.128E+15  3.018E+14  7.668E+09  1.347E+13  0.000E+00  0.000E+00  0.000E+00   81.3 
   71.0  0.000E+00  9.748E+14  2.607E+14  6.636E+09  1.164E+13  0.000E+00  0.000E+00  0.000E+00   81.3 
   72.0  0.000E+00  8.416E+14  2.250E+14  5.738E+09  1.004E+13  0.000E+00  0.000E+00  0.000E+00   81.3 
   73.0  1.093E+07  7.295E+14  1.949E+14  4.984E+09  8.703E+12  5.686E-23  2.915E+04  0.000E+00   81.3 
   74.0  2.830E+07  6.300E+14  1.682E+14  4.317E+09  7.514E+12  1.810E-11  3.158E+04  0.000E+00   81.3 
   75.0  7.189E+07  5.446E+14  1.453E+14  3.744E+09  6.493E+12  3.714E-04  3.428E+04  0.000E+00   81.3 
   76.0  1.777E+08  4.710E+14  1.256E+14  3.249E+09  5.612E+12  1.420E+01  3.728E+04  0.000E+00   81.3 
   77.0  4.242E+08  4.073E+14  1.085E+14  2.822E+09  4.850E+12  9.827E+03  4.059E+04  0.000E+00   81.3 
   78.0  9.724E+08  3.521E+14  9.371E+13  2.452E+09  4.190E+12  5.430E+05  4.422E+04  0.000E+00   81.3 
   79.0  2.129E+09  3.042E+14  8.086E+13  2.130E+09  3.617E+12  6.178E+06  4.819E+04  0.000E+00   81.3 
   80.0  4.437E+09  2.625E+14  6.970E+13  1.850E+09  3.118E+12  2.629E+07  5.250E+04  0.000E+00   81.3 
   81.0  8.772E+09  2.263E+14  5.998E+13  1.607E+09  2.685E+12  6.082E+07  5.716E+04  0.000E+00   81.3 
   82.0  1.643E+10  1.947E+14  5.153E+13  1.395E+09  2.307E+12  9.644E+07  6.218E+04  0.000E+00   81.3 
   83.0  2.912E+10  1.672E+14  4.418E+13  1.211E+09  1.979E+12  1.211E+08  6.755E+04  0.000E+00   81.3 
   84.0  4.887E+10  1.433E+14  3.779E+13  1.050E+09  1.693E+12  1.316E+08  7.328E+04  0.000E+00   81.3 
   85.0  7.770E+10  1.226E+14  3.225E+13  9.112E+08  1.445E+12  1.310E+08  7.935E+04  0.000E+00   81.3 
   86.0  1.172E+11  1.046E+14  2.744E+13  7.903E+08  1.230E+12  1.235E+08  8.575E+04  0.000E+00   81.3 
   87.0  1.681E+11  8.905E+13  2.329E+13  6.856E+08  1.044E+12  1.126E+08  9.248E+04  0.000E+00   81.3 
   88.0  2.299E+11  7.560E+13  1.971E+13  5.951E+08  8.833E+11  1.007E+08  9.951E+04  0.000E+00   81.3 
   89.0  3.003E+11  6.402E+13  1.663E+13  5.171E+08  7.450E+11  8.918E+07  1.068E+05  0.000E+00   81.3 
   90.0  3.761E+11  5.407E+13  1.398E+13  4.500E+08  6.262E+11  7.854E+07  1.144E+05  0.000E+00   81.3 
   91.0  4.527E+11  4.554E+13  1.172E+13  3.925E+08  5.245E+11  6.906E+07  1.223E+05  0.000E+00   81.3 
   92.0  5.253E+11  3.825E+13  9.789E+12  3.432E+08  4.376E+11  6.079E+07  1.303E+05  0.000E+00   81.3 
   93.0  5.892E+11  3.203E+13  8.146E+12  3.010E+08  3.635E+11  5.363E+07  1.386E+05  0.000E+00   81.3 
   94.0  6.409E+11  2.674E+13  6.753E+12  2.651E+08  3.006E+11  4.749E+07  1.470E+05  0.000E+00   81.3 
   95.0  6.777E+11  2.226E+13  5.576E+12  2.346E+08  2.475E+11  4.224E+07  1.556E+05  0.000E+00   81.3 
   96.0  6.987E+11  1.847E+13  4.586E+12  2.088E+08  2.027E+11  3.776E+07  1.643E+05  0.000E+00   81.3 
   97.0  7.042E+11  1.528E+13  3.757E+12  1.870E+08  1.652E+11  3.392E+07  1.732E+05  0.000E+00   81.3 
   98.0  6.957E+11  1.261E+13  3.067E+12  1.687E+08  1.340E+11  3.064E+07  1.824E+05  0.000E+00   81.3 
   99.0  6.751E+11  1.039E+13  2.494E+12  1.533E+08  1.081E+11  2.780E+07  1.918E+05  0.000E+00   81.3 
  100.0  6.450E+11  8.534E+12  2.021E+12  1.405E+08  8.675E+10  2.534E+07  2.015E+05  0.000E+00   81.3 
  101.0  6.080E+11  7.000E+12  1.633E+12  1.299E+08  6.929E+10  2.319E+07  2.117E+05  0.000E+00   81.3 
  102.0  5.668E+11  5.738E+12  1.317E+12  1.211E+08  5.512E+10  2.129E+07  2.224E+05  0.000E+00   81.3 
  103.0  5.238E+11  4.705E+12  1.061E+12  1.139E+08  4.373E+10  1.962E+07  2.339E+05  0.000E+00   81.3 
  104.0  4.807E+11  3.862E+12  8.542E+11  1.081E+08  3.462E+10  1.812E+07  2.464E+05  0.000E+00   81.3 
  105.0  4.388E+11  3.177E+12  6.885E+11  1.034E+08  2.738E+10  1.679E+07  2.601E+05  0.000E+00   81.3 
  106.0  3.991E+11  2.620E+12  5.559E+11  9.979E+07  2.165E+10  1.558E+07  2.751E+05  0.000E+00   81.3 
  107.0  3.621E+11  2.169E+12  4.498E+11  9.695E+07  1.714E+10  1.448E+07  2.918E+05  0.000E+00   81.3 
  108.0  3.279E+11  1.802E+12  3.651E+11  9.479E+07  1.359E+10  1.349E+07  3.104E+05  0.000E+00   81.3 
  109.0  2.969E+11  1.504E+12  2.975E+11  9.320E+07  1.081E+10  1.258E+07  3.310E+05  0.000E+00   81.3 
  110.0  2.689E+11  1.262E+12  2.435E+11  9.209E+07  8.627E+09  1.175E+07  3.541E+05  0.000E+00   81.3 
  111.0  2.439E+11  1.065E+12  2.003E+11  9.137E+07  6.918E+09  1.099E+07  3.800E+05  0.000E+00   81.3 
  112.0  2.215E+11  9.038E+11  1.656E+11  9.095E+07  5.574E+09  1.030E+07  4.089E+05  0.000E+00   81.3 
  113.0  2.015E+11  7.710E+11  1.376E+11  9.074E+07  4.512E+09  9.660E+06  4.410E+05  0.000E+00   81.3 
  114.0  1.836E+11  6.611E+11  1.149E+11  9.065E+07  3.669E+09  9.072E+06  4.765E+05  0.000E+00   81.3 
  115.0  1.676E+11  5.696E+11  9.637E+10  9.062E+07  2.998E+09  8.527E+06  5.157E+05  0.000E+00   81.3 
  116.0  1.532E+11  4.931E+11  8.120E+10  9.060E+07  2.461E+09  8.022E+06  5.588E+05  0.000E+00   81.3 
  117.0  1.403E+11  4.289E+11  6.873E+10  9.054E+07  2.030E+09  7.553E+06  6.060E+05  0.000E+00   81.3 
  118.0  1.287E+11  3.746E+11  5.842E+10  9.040E+07  1.682E+09  7.116E+06  6.576E+05  0.000E+00   81.3 
  119.0  1.183E+11  3.286E+11  4.988E+10  9.016E+07  1.399E+09  6.709E+06  7.138E+05  0.000E+00   81.3 
  120.0  1.090E+11  2.894E+11  4.276E+10  8.981E+07  1.170E+09  6.330E+06  7.750E+05  9.524E-34   81.3 
  121.0  1.005E+11  2.558E+11  3.681E+10  8.933E+07  9.826E+08  5.977E+06  8.413E+05  2.048E-33   81.3 
  122.0  9.291E+10  2.270E+11  3.182E+10  8.873E+07  8.290E+08  5.646E+06  9.131E+05  4.341E-33   81.3 
  123.0  8.603E+10  2.022E+11  2.761E+10  8.802E+07  7.025E+08  5.338E+06  9.907E+05  1.014E-32   81.3 
  124.0  8.021E+10  1.815E+11  2.417E+10  8.748E+07  6.013E+08  5.065E+06  1.080E+06  2.919E-32   81.3 
  125.0  7.474E+10  1.632E+11  2.119E+10  8.672E+07  5.155E+08  4.804E+06  1.173E+06  8.548E-32   81.3 
  126.0  6.982E+10  1.472E+11  1.866E+10  8.590E+07  4.442E+08  4.562E+06  1.275E+06  2.468E-31   81.3 
  127.0  6.536E+10  1.332E+11  1.649E+10  8.504E+07  3.845E+08  4.337E+06  1.385E+06  7.028E-31   81.3 
  128.0  6.131E+10  1.210E+11  1.463E+10  8.414E+07  3.342E+08  4.127E+06  1.503E+06  1.974E-30   81.3 
  129.0  5.762E+10  1.102E+11  1.302E+10  8.320E+07  2.917E+08  3.931E+06  1.630E+06  5.469E-30   81.3 
  130.0  5.425E+10  1.006E+11  1.163E+10  8.224E+07  2.556E+08  3.748E+06  1.765E+06  1.495E-29   81.3 
  131.0  5.115E+10  9.204E+10  1.042E+10  8.125E+07  2.248E+08  3.577E+06  1.910E+06  4.034E-29   81.3 
  132.0  4.831E+10  8.442E+10  9.368E+09  8.025E+07  1.983E+08  3.416E+06  2.064E+06  1.074E-28   81.3 
  133.0  4.569E+10  7.758E+10  8.443E+09  7.924E+07  1.756E+08  3.265E+06  2.227E+06  2.824E-28   81.3 
  134.0  4.327E+10  7.144E+10  7.629E+09  7.822E+07  1.559E+08  3.124E+06  2.399E+06  7.331E-28   81.3 
  135.0  4.103E+10  6.591E+10  6.912E+09  7.721E+07  1.388E+08  2.991E+06  2.580E+06  1.879E-27   81.3 
  136.0  3.895E+10  6.090E+10  6.277E+09  7.621E+07  1.239E+08  2.866E+06  2.771E+06  4.758E-27   81.3 
  137.0  3.702E+10  5.637E+10  5.714E+09  7.521E+07  1.109E+08  2.748E+06  2.969E+06  1.190E-26   81.3 
  138.0  3.522E+10  5.224E+10  5.213E+09  7.422E+07  9.947E+07  2.637E+06  3.177E+06  2.942E-26   81.3 
  139.0  3.354E+10  4.849E+10  4.766E+09  7.325E+07  8.943E+07  2.533E+06  3.392E+06  7.184E-26   81.3 
  140.0  3.197E+10  4.506E+10  4.366E+09  7.230E+07  8.056E+07  2.435E+06  3.615E+06  1.734E-25   81.3 
  141.0  3.051E+10  4.193E+10  4.007E+09  7.137E+07  7.271E+07  2.342E+06  3.845E+06  4.137E-25   81.3 
  142.0  2.913E+10  3.906E+10  3.684E+09  7.045E+07  6.574E+07  2.255E+06  4.082E+06  9.759E-25   81.3 
  143.0  2.784E+10  3.642E+10  3.392E+09  6.955E+07  5.953E+07  2.172E+06  4.325E+06  2.276E-24   81.3 
  144.0  2.663E+10  3.400E+10  3.129E+09  6.868E+07  5.400E+07  2.094E+06  4.573E+06  5.250E-24   81.3 
  145.0  2.549E+10  3.177E+10  2.891E+09  6.782E+07  4.905E+07  2.021E+06  4.826E+06  1.198E-23   81.3 
  146.0  2.441E+10  2.971E+10  2.675E+09  6.699E+07  4.462E+07  1.951E+06  5.083E+06  2.703E-23   81.3 
  147.0  2.340E+10  2.781E+10  2.478E+09  6.617E+07  4.064E+07  1.886E+06  5.343E+06  6.036E-23   81.3 
  148.0  2.244E+10  2.605E+10  2.299E+09  6.538E+07  3.706E+07  1.824E+06  5.605E+06  1.334E-22   81.3 
  149.0  2.153E+10  2.442E+10  2.135E+09  6.460E+07  3.383E+07  1.765E+06  5.868E+06  2.916E-22   81.3 
  150.0  2.068E+10  2.291E+10  1.985E+09  6.385E+07  3.091E+07  1.710E+06  6.132E+06  6.310E-22   81.3 
  151.0  1.987E+10  2.151E+10  1.847E+09  6.311E+07  2.828E+07  1.657E+06  6.395E+06  1.352E-21   81.3 
  152.0  1.910E+10  2.020E+10  1.721E+09  6.239E+07  2.589E+07  1.607E+06  6.657E+06  2.867E-21   81.3 
  153.0  1.837E+10  1.899E+10  1.605E+09  6.169E+07  2.373E+07  1.560E+06  6.916E+06  6.020E-21   81.3 
  154.0  1.767E+10  1.786E+10  1.499E+09  6.101E+07  2.176E+07  1.516E+06  7.173E+06  1.252E-20   81.3 
  155.0  1.701E+10  1.681E+10  1.400E+09  6.034E+07  1.998E+07  1.474E+06  7.425E+06  2.579E-20   81.3 
  156.0  1.638E+10  1.583E+10  1.309E+09  5.969E+07  1.835E+07  1.434E+06  7.672E+06  5.261E-20   81.3 
  157.0  1.579E+10  1.491E+10  1.225E+09  5.906E+07  1.687E+07  1.396E+06  7.913E+06  1.063E-19   81.3 
  158.0  1.522E+10  1.405E+10  1.147E+09  5.844E+07  1.552E+07  1.360E+06  8.148E+06  2.129E-19   81.3 
  159.0  1.467E+10  1.325E+10  1.074E+09  5.784E+07  1.428E+07  1.326E+06  8.375E+06  4.226E-19   81.3 
  160.0  1.415E+10  1.250E+10  1.007E+09  5.725E+07  1.315E+07  1.294E+06  8.594E+06  8.310E-19   81.3 
  161.0  1.366E+10  1.179E+10  9.447E+08  5.667E+07  1.212E+07  1.263E+06  8.804E+06  1.620E-18   81.3 
  162.0  1.318E+10  1.113E+10  8.866E+08  5.611E+07  1.117E+07  1.234E+06  9.005E+06  3.129E-18   81.3 
  163.0  1.273E+10  1.051E+10  8.325E+08  5.555E+07  1.031E+07  1.207E+06  9.196E+06  5.994E-18   81.3 
  164.0  1.230E+10  9.932E+09  7.821E+08  5.501E+07  9.513E+06  1.181E+06  9.376E+06  1.138E-17   81.3 
  165.0  1.188E+10  9.387E+09  7.351E+08  5.449E+07  8.784E+06  1.156E+06  9.545E+06  2.143E-17   81.3 
  166.0  1.148E+10  8.875E+09  6.912E+08  5.397E+07  8.114E+06  1.132E+06  9.704E+06  4.003E-17   81.3 
  167.0  1.110E+10  8.394E+09  6.501E+08  5.346E+07  7.498E+06  1.110E+06  9.850E+06  7.414E-17   81.3 
  168.0  1.073E+10  7.941E+09  6.117E+08  5.297E+07  6.932E+06  1.088E+06  9.985E+06  1.362E-16   81.3 
  169.0  1.038E+10  7.514E+09  5.758E+08  5.248E+07  6.411E+06  1.068E+06  1.011E+07  2.483E-16   81.3 
  170.0  1.004E+10  7.113E+09  5.422E+08  5.200E+07  5.931E+06  1.049E+06  1.022E+07  4.489E-16   81.3 
  171.0  9.720E+09  6.734E+09  5.107E+08  5.153E+07  5.490E+06  1.030E+06  1.032E+07  8.055E-16   81.3 
  172.0  9.408E+09  6.378E+09  4.811E+08  5.107E+07  5.082E+06  1.013E+06  1.040E+07  1.434E-15   81.3 
  173.0  9.108E+09  6.041E+09  4.534E+08  5.062E+07  4.707E+06  9.959E+05  1.048E+07  2.534E-15   81.3 
  174.0  8.819E+09  5.724E+09  4.274E+08  5.018E+07  4.360E+06  9.800E+05  1.054E+07  4.444E-15   81.3 
  175.0  8.541E+09  5.425E+09  4.029E+08  4.974E+07  4.041E+06  9.649E+05  1.059E+07  7.736E-15   81.3 
  176.0  8.274E+09  5.142E+09  3.800E+08  4.931E+07  3.745E+06  9.504E+05  1.063E+07  1.337E-14   81.3 
  177.0  8.016E+09  4.875E+09  3.584E+08  4.889E+07  3.473E+06  9.366E+05  1.066E+07  2.294E-14   81.3 
  178.0  7.767E+09  4.623E+09  3.382E+08  4.848E+07  3.221E+06  9.235E+05  1.067E+07  3.908E-14   81.3 
  179.0  7.528E+09  4.385E+09  3.191E+08  4.807E+07  2.988E+06  9.109E+05  1.068E+07  6.611E-14   81.3 
  180.0  7.297E+09  4.159E+09  3.011E+08  4.767E+07  2.772E+06  8.989E+05  1.067E+07  1.111E-13   81.3 
  181.0  7.074E+09  3.946E+09  2.843E+08  4.727E+07  2.573E+06  8.875E+05  1.066E+07  1.853E-13   81.3 
  182.0  6.858E+09  3.745E+09  2.684E+08  4.688E+07  2.388E+06  8.765E+05  1.063E+07  3.071E-13   81.3 
  183.0  6.651E+09  3.554E+09  2.534E+08  4.650E+07  2.217E+06  8.661E+05  1.060E+07  5.056E-13   81.3 
  184.0  6.450E+09  3.374E+09  2.393E+08  4.612E+07  2.059E+06  8.561E+05  1.055E+07  8.269E-13   81.3 
  185.0  6.256E+09  3.203E+09  2.260E+08  4.575E+07  1.913E+06  8.465E+05  1.050E+07  1.344E-12   81.3 
  186.0  6.069E+09  3.041E+09  2.135E+08  4.538E+07  1.777E+06  8.373E+05  1.044E+07  2.170E-12   81.3 
  187.0  5.888E+09  2.888E+09  2.017E+08  4.502E+07  1.651E+06  8.286E+05  1.037E+07  3.481E-12   81.3 
  188.0  5.713E+09  2.743E+09  1.905E+08  4.466E+07  1.534E+06  8.202E+05  1.029E+07  5.550E-12   81.3 
  189.0  5.544E+09  2.606E+09  1.800E+08  4.431E+07  1.426E+06  8.121E+05  1.021E+07  8.795E-12   81.3 
  190.0  5.380E+09  2.475E+09  1.701E+08  4.396E+07  1.326E+06  8.044E+05  1.012E+07  1.385E-11   81.3 
  191.0  5.222E+09  2.352E+09  1.608E+08  4.361E+07  1.233E+06  7.970E+05  1.002E+07  2.169E-11   81.3 
  192.0  5.069E+09  2.235E+09  1.519E+08  4.327E+07  1.146E+06  7.899E+05  9.920E+06  3.375E-11   81.3 
  193.0  4.921E+09  2.124E+09  1.436E+08  4.294E+07  1.066E+06  7.831E+05  9.813E+06  5.223E-11   81.3 
  194.0  4.777E+09  2.018E+09  1.358E+08  4.261E+07  9.917E+05  7.766E+05  9.702E+06  8.035E-11   81.3 
  195.0  4.638E+09  1.919E+09  1.283E+08  4.228E+07  9.226E+05  7.704E+05  9.586E+06  1.229E-10   81.3 
  196.0  4.504E+09  1.824E+09  1.213E+08  4.196E+07  8.584E+05  7.643E+05  9.466E+06  1.870E-10   81.3 
  197.0  4.373E+09  1.734E+09  1.147E+08  4.164E+07  7.988E+05  7.585E+05  9.342E+06  2.828E-10   81.3 
  198.0  4.247E+09  1.649E+09  1.085E+08  4.132E+07  7.434E+05  7.530E+05  9.215E+06  4.255E-10   81.3 
  199.0  4.125E+09  1.568E+09  1.026E+08  4.101E+07  6.919E+05  7.476E+05  9.085E+06  6.368E-10   81.3 
  200.0  4.006E+09  1.491E+09  9.700E+07  4.070E+07  6.441E+05  7.425E+05  8.953E+06  9.478E-10   81.3 